3,3,261166,388755,161374,12030849,POINT (-95.026324 30.341383),158978Z,30.341383,7_600_006217852,-95.026324,58825
51330,3,268459,51000399836,172455,11960823,POINT (-97.619797 29.670499),269463Z,29.670499,7_600_006360691,-97.619797,107000
51330,3,267270,51000398025,170644,12550788,POINT (-101.171268 35.577848),251998Z,35.577848,7_600_006342628,-101.171268,75001
51330,3,267284,51000398045,170664,12280828,POINT (-97.17382 32.842163),252195Z,32.842163,7_600_006342839,-97.17382,117000
51330,3,267285,51000398046,170665,12000832,POINT (-96.714006 30.039937),252206Z,30.039937,7_600_006342855,-96.714006,100000
51330,3,269766,51000401639,174258,12340778,POINT (-102.168598 33.446473),287945Z,33.446473,7_600_006378494,-102.168598,600
51330,3,269766,51000401640,174259,12340778,POINT (-102.168598 33.446473),287946Z,33.446473,7_600_006378494,-102.168598,2105
51330,3,269767,51000401641,174260,12070828,POINT (-97.183907 30.767396),287961Z,30.767396,7_600_006378505,-97.183907,21052
51330,3,269768,51000401642,174261,12270834,POINT (-96.589062 32.774194),287972Z,32.774194,7_600_006378518,-96.589062,150000
51330,3,269769,51000401643,174262,11900843,POINT (-95.65538 29.045663),287982Z,29.045663,7_600_006378533,-95.65538,210000
